0 0.833181 0.23649 0.0602692 0.0447518
0 0.18317 0.602116 0.0726485 0.0613703
0 0.85519 0.580198 0.0422869 0.0560343
0 0.264781 0.177058 0.0748317 0.0612824
0 0.834672 0.19192 0.0677208 0.046351
0 0.380443 0.570422 0.0558862 0.0388298
0 0.981979 0.4699 0.0359129 0.0638669
0 0.0220869 0.244595 0.0440271 0.0387904
0 0.335275 0.221345 0.0733039 0.0433851
0 0.276262 0.511636 0.0714965 0.0455328
0 0.202679 0.501728 0.0704346 0.0523676
0 0.827234 0.287025 0.0650896 0.0478333
0 0.774605 0.454502 0.0426943 0.0566063
0 0.0875801 0.243207 0.0665865 0.0460837
0 0.433704 0.559944 0.0462708 0.0579185
0 0.344796 0.181356 0.0720857 0.045657
0 0.942924 0.781317 0.0394627 0.048547
0 0.256001 0.629637 0.0796468 0.0591463
0 0.284503 0.476042 0.0690305 0.0457468
0 0.602884 0.565616 0.0423542 0.0580988
0 0.112101 0.134957 0.0735142 0.0458352
0 0.0571582 0.390639 0.0639386 0.0439674
0 0.898554 0.583195 0.0432972 0.0554485
0 0.482678 0.442373 0.0408552 0.0576354
0 0.191694 0.549425 0.070029 0.0581674
0 0.228269 0.365101 0.0744186 0.051228
0 0.321121 0.292669 0.0673144 0.040397
0 0.029372 0.57653 0.0585291 0.0454851
0 0.980181 0.653796 0.0382326 0.0498196
0 0.77755 0.773189 0.039262 0.0519321
0 0.441815 0.374023 0.0414845 0.0572688
0 0.0173415 0.278726 0.034669 0.0298213
0 0.838091 0.142174 0.0688751 0.0477422
0 0.979828 0.586125 0.0399202 0.0627933
0 0.079665 0.283097 0.0694159 0.0398519
0 0.557087 0.564421 0.0408793 0.0572537
0 0.725647 0.572407 0.0441105 0.0620447
0 0.860571 0.462289 0.0432583 0.0669146
0 0.014523 0.687394 0.0290459 0.0443089
0 0.812097 0.576361 0.0446384 0.0600206
0 0.821836 0.394474 0.0371571 0.0524041
0 0.39127 0.439344 0.0504021 0.0617388
0 0.770627 0.574653 0.0421072 0.0545843
0 0.94363 0.460616 0.0419155 0.059342
0 0.903565 0.460077 0.0392986 0.0539723
0 0.0344412 0.165015 0.0530271 0.066798
0 0.522097 0.446293 0.0365023 0.0634463
0 0.403487 0.372995 0.0387048 0.0633454
0 0.484675 0.377915 0.0410189 0.0520442
0 0.214105 0.459335 0.0678334 0.0509231
0 0.160354 0.81203 0.0791076 0.0371021
0 0.604401 0.44383 0.0419497 0.0557701
0 0.782049 0.390265 0.0425201 0.0577446
0 0.731244 0.452946 0.0346985 0.0549418
0 0.839535 0.0477676 0.0789595 0.0444334
0 0.692755 0.769347 0.0666483 0.0511873
0 0.044419 0.464359 0.0677735 0.0478746
0 0.734984 0.382631 0.0420081 0.0657432
0 0.0490753 0.428806 0.0643193 0.042362
0 0.294252 0.440114 0.0672405 0.0411117
0 0.0462756 0.118647 0.0492157 0.0357113
0 0.314175 0.32921 0.0669962 0.0463944
0 0.476017 0.565712 0.0385323 0.0497097
0 0.0159796 0.309226 0.0318214 0.0361102
0 0.0340224 0.538729 0.0661148 0.0454971
0 0.876877 0.82874 0.0230164 0.0371172
0 0.81854 0.459581 0.0422016 0.0629617
0 0.0363628 0.501684 0.0633574 0.0429516
0 0.439531 0.442284 0.0430105 0.0617191
0 0.489257 0.629745 0.0681137 0.051897
0 0.984568 0.402054 0.0307075 0.0609885
0 0.875103 0.780354 0.0295029 0.0419251
0 0.396814 0.626145 0.0916858 0.0598031
0 0.0908865 0.207779 0.0653432 0.0426926
0 0.725241 0.637322 0.0399324 0.0473875
0 0.652618 0.379537 0.0426683 0.0629948
0 0.944684 0.396455 0.0440712 0.06412
0 0.852161 0.826443 0.0256062 0.0416996
0 0.642614 0.567127 0.0391006 0.0592619
0 0.308693 0.36486 0.0727862 0.0442238
0 0.840925 0.776054 0.0361008 0.044606
0 0.904256 0.78037 0.0359085 0.0437651
0 0.524764 0.376359 0.0407503 0.063049
0 0.0675763 0.324056 0.0585698 0.0302717
0 0.902574 0.193838 0.0641682 0.0448553
0 0.811128 0.775273 0.0327211 0.0468035
0 0.557748 0.632892 0.0405574 0.0516766
0 0.00830495 0.37301 0.016422 0.0328022
0 0.917035 0.0239236 0.0658752 0.0429796
0 0.16298 0.953036 0.0381579 0.0295471
0 0.930967 0.293157 0.0244835 0.0346295
0 0.895259 0.648969 0.0403324 0.0481508
0 0.937266 0.83003 0.0468422 0.0359995
0 0.99307 0.297341 0.0132236 0.036979
0 0.689704 0.459585 0.0414124 0.0581287
0 0.954506 0.297611 0.0265924 0.0379595
0 0.976578 0.297084 0.0216364 0.0375818
0 0.823573 0.903774 0.0355335 0.0540031
0 0.789648 0.899948 0.0304856 0.047101
0 0.763739 0.63831 0.0388405 0.0582281
0 0.640236 0.634526 0.0432631 0.0484073
0 0.905309 0.293156 0.0287279 0.0393873
0 0.990653 0.249024 0.0182459 0.0497203
0 0.877452 0.293629 0.0299805 0.0402669
0 0.738826 0.763361 0.0257456 0.0492222
0 0.896159 0.969213 0.0360664 0.0343399
0 0.128945 0.894876 0.0484978 0.0370766
0 0.93494 0.650712 0.0426834 0.0541436
0 0.681727 0.633993 0.0382923 0.0454144
0 0.950073 0.296207 0.030827 0.0378922
0 0.903045 0.830456 0.0274933 0.0346071
0 0.936531 0.90567 0.0361519 0.0496759
0 0.943444 0.295605 0.0246956 0.0374673
0 0.900501 0.916283 0.0317883 0.0711445
