0 0.8184930 0.2131150 0.8150680 0.2185790 0.8047950 0.2185790 0.8047950 0.2240440 0.8013700 0.2295080 0.8184930 0.2568310 0.8356160 0.2568310 0.8390410 0.2513660 0.8424660 0.2513660 0.8595890 0.2240440 0.8561640 0.2240440 0.8527400 0.2185790 0.8356160 0.2185790 0.8321920 0.213115
0 0.1575340 0.5683060 0.1575340 0.5792350 0.1849320 0.6229510 0.1986300 0.6229510 0.2020550 0.6174860 0.2020550 0.6120220 0.2054790 0.6065570 0.2054790 0.5901640 0.2020550 0.5901640 0.1986300 0.5846990 0.1746580 0.5846990 0.1678080 0.5737700 0.1609590 0.573770
0 0.8595890 0.5573770 0.8595890 0.5628420 0.8561640 0.5683060 0.8527400 0.5683060 0.8493150 0.5628420 0.8493150 0.5792350 0.8561640 0.5901640 0.8561640 0.5956280 0.8595890 0.6010930 0.8630140 0.6010930 0.8664380 0.5956280 0.8698630 0.5956280 0.8698630 0.5737700 0.8630140 0.5628420 0.8630140 0.557377
0 0.2773970 0.1420770 0.2739730 0.1475410 0.2705480 0.1475410 0.2671230 0.1530050 0.2636990 0.1530050 0.2602740 0.1584700 0.2568490 0.1584700 0.2500000 0.1693990 0.2465750 0.1693990 0.2465750 0.1857920 0.2500000 0.1857920 0.2534250 0.1912570 0.2671230 0.1912570 0.2705480 0.1857920 0.2739730 0.1857920 0.2773970 0.1803280 0.2808220 0.1803280 0.2842470 0.1748630 0.2842470 0.1693990 0.2808220 0.1639340 0.2808220 0.147541
0 0.8321920 0.1639340 0.8287670 0.1693990 0.8219180 0.1693990 0.8150680 0.1803280 0.8116440 0.1803280 0.8082190 0.1857920 0.8047950 0.1857920 0.8047950 0.1967210 0.8082190 0.2021860 0.8253420 0.2021860 0.8287670 0.1967210 0.8493150 0.1967210 0.8493150 0.1912570 0.8527400 0.1857920 0.8527400 0.1748630 0.8493150 0.1693990 0.8424660 0.1693990 0.8390410 0.163934
0 0.3698630 0.5464480 0.3664380 0.5519130 0.3664380 0.5573770 0.3630140 0.5628420 0.3630140 0.5683060 0.3767120 0.5683060 0.3801370 0.5737700 0.3835620 0.5737700 0.3869860 0.5792350 0.3938360 0.5792350 0.3938360 0.5628420 0.3904110 0.5573770 0.3904110 0.5519130 0.3869860 0.546448
0 0.9965750 0.4371580 0.9931510 0.4426230 0.9828770 0.4426230 0.9794520 0.4480870 0.9760270 0.4480870 0.9691780 0.4590160 0.9691780 0.4644810 0.9623290 0.4754100 0.9623290 0.4863390 0.9657530 0.4918030 0.9897260 0.4918030 0.9931510 0.4863390 0.9965750 0.486339
0 0.0034250 0.2185790 0.0000000 0.2240440 0.0000000 0.2404370 0.0034250 0.2459020 0.0068490 0.2459020 0.0102740 0.2513660 0.0171230 0.2513660 0.0205480 0.2568310 0.0308220 0.2568310 0.0342470 0.2622950 0.0376710 0.2622950 0.0376710 0.2568310 0.0308220 0.2459020 0.0308220 0.2404370 0.0273970 0.2404370 0.0205480 0.2295080 0.0102740 0.229508
0 0.3595890 0.1967210 0.3561640 0.2021860 0.3493150 0.2021860 0.3458900 0.2076500 0.3424660 0.2076500 0.3390410 0.2131150 0.3321920 0.2131150 0.3287670 0.2185790 0.3184930 0.2185790 0.3150680 0.2240440 0.3116440 0.2240440 0.3116440 0.2349730 0.3150680 0.2349730 0.3184930 0.2295080 0.3287670 0.2295080 0.3321920 0.2240440 0.3356160 0.2240440 0.3390410 0.2185790 0.3458900 0.2185790 0.3493150 0.2131150 0.3527400 0.2131150 0.3595890 0.2021860 0.3630140 0.2021860 0.3630140 0.196721
0 0.3082190 0.4863390 0.3047950 0.4918030 0.2842470 0.4918030 0.2808220 0.4972680 0.2705480 0.4972680 0.2671230 0.4918030 0.2636990 0.4972680 0.2568490 0.4972680 0.2534250 0.5027320 0.2500000 0.5027320 0.2500000 0.5081970 0.2465750 0.5136610 0.2465750 0.5245900 0.2534250 0.5245900 0.2568490 0.5300550 0.2671230 0.5300550 0.2739730 0.5191260 0.2808220 0.5191260 0.2842470 0.5136610 0.2910960 0.5136610 0.2945210 0.5081970 0.2979450 0.5081970 0.3082190 0.491803
0 0.1780820 0.4699450 0.1746580 0.4754100 0.1712330 0.4754100 0.1712330 0.4808740 0.1678080 0.4863390 0.1678080 0.5027320 0.1712330 0.5027320 0.1746580 0.5081970 0.1815070 0.5081970 0.1849320 0.5136610 0.1883560 0.5081970 0.1917810 0.5136610 0.1952050 0.5081970 0.1986300 0.5136610 0.2191780 0.5136610 0.2260270 0.5027320 0.2260270 0.4972680 0.2226030 0.4918030 0.2191780 0.4918030 0.2157530 0.4863390 0.2054790 0.4863390 0.2020550 0.4808740 0.1986300 0.4808740 0.1917810 0.469945
0 0.8424660 0.2732240 0.8390410 0.2786890 0.8356160 0.2786890 0.8321920 0.2841530 0.8219180 0.2841530 0.8184930 0.2786890 0.8082190 0.2786890 0.8116440 0.2786890 0.8219180 0.2950820 0.8253420 0.2950820 0.8287670 0.3005460 0.8424660 0.3005460 0.8458900 0.2950820 0.8493150 0.2950820 0.8493150 0.2786890 0.8458900 0.278689
0 0.7534250 0.4262300 0.7500000 0.4316940 0.7500000 0.4644810 0.7808220 0.4644810 0.7842470 0.4590160 0.7842470 0.4535520 0.7876710 0.4480870 0.7876710 0.4426230 0.7910960 0.4371580 0.7910960 0.4316940 0.7876710 0.426230
0 0.0787670 0.2240440 0.0753420 0.2295080 0.0684930 0.2295080 0.0650680 0.2349730 0.0547950 0.2349730 0.0547950 0.2404370 0.0616440 0.2513660 0.0719180 0.2513660 0.0753420 0.2568310 0.0821920 0.2568310 0.0856160 0.2513660 0.0890410 0.2513660 0.0924660 0.2568310 0.1061640 0.2568310 0.1095890 0.2513660 0.1164380 0.2513660 0.1095890 0.2404370 0.1095890 0.2349730 0.1061640 0.2295080 0.0993150 0.2295080 0.0958900 0.2240440 0.0856160 0.2240440 0.0821920 0.229508
0 0.4109590 0.5300550 0.4109590 0.5355190 0.4075340 0.5409840 0.4075340 0.5464480 0.4041100 0.5519130 0.4041100 0.5573770 0.4075340 0.5628420 0.4075340 0.5683060 0.4143840 0.5792350 0.4280820 0.5792350 0.4315070 0.5737700 0.4383560 0.5737700 0.4417810 0.5683060 0.4417810 0.5519130 0.4349320 0.5409840 0.4349320 0.5355190 0.4315070 0.5355190 0.4280820 0.530055
0 0.3184930 0.1530050 0.3150680 0.1584700 0.3116440 0.1584700 0.3082190 0.1639340 0.3047950 0.1639340 0.3047950 0.1803280 0.3082190 0.1857920 0.3082190 0.1912570 0.3116440 0.1967210 0.3184930 0.1967210 0.3219180 0.2021860 0.3424660 0.2021860 0.3493150 0.1912570 0.3493150 0.1857920 0.3561640 0.1748630 0.3595890 0.1748630 0.3595890 0.1693990 0.3630140 0.1639340 0.3595890 0.1693990 0.3561640 0.1639340 0.3390410 0.1639340 0.3356160 0.1584700 0.3321920 0.1584700 0.3287670 0.153005
0 0.9280820 0.7704920 0.9280820 0.7923500 0.9315070 0.7923500 0.9383560 0.7814210 0.9520550 0.7814210 0.9520550 0.7759560 0.9486300 0.7759560 0.9452050 0.770492
0 0.2328770 0.6010930 0.2294520 0.6065570 0.2157530 0.6065570 0.2123290 0.6120220 0.2123290 0.6338800 0.2157530 0.6393440 0.2191780 0.6393440 0.2226030 0.6448090 0.2260270 0.6393440 0.2294520 0.6448090 0.2328770 0.6448090 0.2363010 0.6393440 0.2431510 0.6393440 0.2465750 0.6448090 0.2500000 0.6393440 0.2534250 0.6448090 0.2568490 0.6393440 0.2636990 0.6393440 0.2705480 0.6284150 0.2808220 0.6284150 0.2842470 0.6229510 0.2808220 0.6229510 0.2773970 0.6174860 0.2773970 0.6120220 0.2739730 0.6120220 0.2671230 0.601093
0 0.2808220 0.4426230 0.2773970 0.4480870 0.2705480 0.4480870 0.2602740 0.4644810 0.2568490 0.4644810 0.2534250 0.4699450 0.2534250 0.4863390 0.2568490 0.4808740 0.2636990 0.4808740 0.2671230 0.4863390 0.3013700 0.4863390 0.3047950 0.4808740 0.3082190 0.4808740 0.3116440 0.4754100 0.3116440 0.4699450 0.3184930 0.4590160 0.3116440 0.4480870 0.2945210 0.4480870 0.2910960 0.442623
0 0.6061640 0.5464480 0.5993150 0.5573770 0.5924660 0.5573770 0.5890410 0.5628420 0.5924660 0.5683060 0.6027400 0.5683060 0.6061640 0.5737700 0.6095890 0.5737700 0.6130140 0.5792350 0.6130140 0.5628420 0.6095890 0.5573770 0.6095890 0.551913
0 0.0924660 0.1038250 0.0890410 0.1092900 0.0856160 0.1092900 0.0787670 0.1202190 0.0821920 0.1256830 0.0821920 0.1311480 0.0924660 0.1475410 0.1267120 0.1475410 0.1301370 0.1420770 0.1301370 0.1311480 0.1198630 0.1147540 0.1164380 0.1147540 0.1130140 0.1092900 0.1061640 0.1092900 0.1027400 0.103825
0 0.0308220 0.3715850 0.0273970 0.3770490 0.0273970 0.3825140 0.0342470 0.3934430 0.0376710 0.3934430 0.0410960 0.3989070 0.0445210 0.3989070 0.0445210 0.3934430 0.0479450 0.3879780 0.0547950 0.3879780 0.0582190 0.3934430 0.0650680 0.3934430 0.0684930 0.3989070 0.0787670 0.3989070 0.0821920 0.3934430 0.0821920 0.3825140 0.0787670 0.3825140 0.0753420 0.3770490 0.0684930 0.3770490 0.0650680 0.3825140 0.0616440 0.3770490 0.0376710 0.3770490 0.0342470 0.371585
0 0.8801370 0.5519130 0.8732880 0.5628420 0.8732880 0.5683060 0.8767120 0.5737700 0.8767120 0.5846990 0.8801370 0.5901640 0.8801370 0.5956280 0.8835620 0.6010930 0.8904110 0.6010930 0.8938360 0.6065570 0.9109590 0.6065570 0.9143840 0.6010930 0.9143840 0.5901640 0.9178080 0.5846990 0.9178080 0.5792350 0.9143840 0.5737700 0.9143840 0.5683060 0.9109590 0.5628420 0.9109590 0.5573770 0.8972600 0.5573770 0.8938360 0.551913
0 0.4657530 0.4207650 0.4623290 0.4262300 0.4623290 0.4480870 0.4657530 0.4480870 0.4691780 0.4535520 0.4863010 0.4535520 0.4897260 0.4590160 0.4931510 0.4535520 0.4931510 0.4480870 0.4897260 0.4426230 0.4931510 0.4371580 0.4897260 0.4316940 0.4897260 0.4262300 0.4863010 0.420765
0 0.1575340 0.5136610 0.1506850 0.5245900 0.1506850 0.5519130 0.1575340 0.5628420 0.1609590 0.5628420 0.1643840 0.5683060 0.1678080 0.5683060 0.1712330 0.5737700 0.1986300 0.5737700 0.2020550 0.5683060 0.2054790 0.5683060 0.2157530 0.5519130 0.2157530 0.5464480 0.2191780 0.5409840 0.2191780 0.5300550 0.2157530 0.5245900 0.2157530 0.5191260 0.2123290 0.513661
0 0.2294520 0.3387980 0.2191780 0.3551910 0.2157530 0.3551910 0.2123290 0.3606560 0.2089040 0.3606560 0.2054790 0.3661200 0.2123290 0.3661200 0.2157530 0.3715850 0.2191780 0.3661200 0.2363010 0.3661200 0.2431510 0.3551910 0.2465750 0.3551910 0.2465750 0.3497270 0.2397260 0.338798
0 0.2979450 0.2677600 0.2945210 0.2732240 0.2910960 0.2732240 0.2842470 0.2841530 0.2842470 0.2896170 0.2876710 0.2950820 0.3013700 0.2950820 0.3047950 0.3005460 0.3116440 0.3005460 0.3150680 0.2950820 0.3321920 0.2950820 0.3356160 0.2896170 0.3356160 0.2786890 0.3321920 0.2732240 0.3150680 0.2732240 0.3116440 0.267760
0 0.0376710 0.5464480 0.0342470 0.5519130 0.0034250 0.5519130 0.0000000 0.5573770 0.0000000 0.5846990 0.0239730 0.5846990 0.0273970 0.5792350 0.0376710 0.5792350 0.0410960 0.5737700 0.0513700 0.5737700 0.0547950 0.5683060 0.0547950 0.5519130 0.0479450 0.5519130 0.0445210 0.546448
0 0.9760270 0.6284150 0.9726030 0.6338800 0.9691780 0.6338800 0.9657530 0.6393440 0.9623290 0.6393440 0.9589040 0.6448090 0.9691780 0.6612020 0.9965750 0.6612020 0.9965750 0.6338800 0.9931510 0.628415
0 0.7636990 0.7486340 0.7568490 0.7595630 0.7568490 0.7814210 0.7602740 0.7868850 0.7636990 0.7868850 0.7671230 0.7923500 0.7773970 0.7923500 0.7876710 0.7759560 0.7876710 0.748634
0 0.4452050 0.3442620 0.4383560 0.3551910 0.4315070 0.3551910 0.4280820 0.3606560 0.4280820 0.3825140 0.4246580 0.3879780 0.4246580 0.3934430 0.4280820 0.3934430 0.4349320 0.3825140 0.4383560 0.3879780 0.4417810 0.3879780 0.4486300 0.3770490 0.4486300 0.349727
0 0.0000000 0.2622950 0.0000000 0.2786890 0.0102740 0.2786890 0.0136990 0.2841530 0.0171230 0.2841530 0.0171230 0.2732240 0.0136990 0.2677600 0.0068490 0.2677600 0.0034250 0.262295
0 0.8116440 0.1147540 0.8047950 0.1256830 0.8047950 0.1475410 0.8082190 0.1530050 0.8116440 0.1530050 0.8150680 0.1584700 0.8219180 0.1584700 0.8253420 0.1530050 0.8321920 0.1530050 0.8356160 0.1475410 0.8424660 0.1475410 0.8493150 0.1366120 0.8527400 0.1366120 0.8561640 0.1311480 0.8561640 0.1256830 0.8527400 0.1202190 0.8458900 0.1202190 0.8424660 0.114754
0 0.9931510 0.5573770 0.9897260 0.5628420 0.9794520 0.5628420 0.9760270 0.5683060 0.9726030 0.5683060 0.9691780 0.5737700 0.9657530 0.5737700 0.9589040 0.5846990 0.9589040 0.5956280 0.9623290 0.6010930 0.9623290 0.6065570 0.9691780 0.6174860 0.9965750 0.6174860 0.9965750 0.557377
0 0.0821920 0.2622950 0.0787670 0.2677600 0.0753420 0.2677600 0.0684930 0.2786890 0.0582190 0.2786890 0.0582190 0.2896170 0.0650680 0.3005460 0.0958900 0.3005460 0.0993150 0.2950820 0.1061640 0.2950820 0.1095890 0.2896170 0.1130140 0.2896170 0.1164380 0.2841530 0.1130140 0.2786890 0.1130140 0.2732240 0.1095890 0.2732240 0.1061640 0.2677600 0.1027400 0.2677600 0.0993150 0.262295
0 0.5445210 0.5355190 0.5410960 0.5409840 0.5342470 0.5409840 0.5308220 0.5464480 0.5308220 0.5737700 0.5376710 0.5846990 0.5445210 0.5846990 0.5479450 0.5901640 0.5547950 0.5901640 0.5582190 0.5846990 0.5616440 0.5846990 0.5719180 0.5683060 0.5719180 0.5519130 0.5616440 0.535519
0 0.7054790 0.5355190 0.7089040 0.5409840 0.7089040 0.5464480 0.7123290 0.5519130 0.7123290 0.5573770 0.7157530 0.5628420 0.7157530 0.5683060 0.7191780 0.5683060 0.7294520 0.5846990 0.7294520 0.5901640 0.7397260 0.5901640 0.7431510 0.5846990 0.7397260 0.5792350 0.7397260 0.5737700 0.7363010 0.5737700 0.7328770 0.5683060 0.7328770 0.5628420 0.7226030 0.5464480 0.7191780 0.5464480 0.7123290 0.535519
0 0.8458900 0.4153010 0.8424660 0.4207650 0.8390410 0.4207650 0.8390410 0.4316940 0.8424660 0.4371580 0.8424660 0.4426230 0.8561640 0.4644810 0.8561640 0.4699450 0.8595890 0.4699450 0.8732880 0.4918030 0.8801370 0.4918030 0.8801370 0.4754100 0.8767120 0.4699450 0.8767120 0.4644810 0.8698630 0.4535520 0.8698630 0.4480870 0.8630140 0.4371580 0.8630140 0.4316940 0.8561640 0.4207650 0.8493150 0.420765
0 0.0000000 0.6612020 0.0000000 0.6939890 0.0034250 0.6994540 0.0205480 0.6994540 0.0205480 0.6830600 0.0171230 0.6775960 0.0171230 0.6721310 0.0136990 0.6721310 0.0102740 0.6666670 0.0068490 0.6666670 0.0034250 0.661202
0 0.8219180 0.5409840 0.8184930 0.5464480 0.8150680 0.5464480 0.8116440 0.5519130 0.8082190 0.5519130 0.7910960 0.5792350 0.7979450 0.5792350 0.8013700 0.5846990 0.8047950 0.5792350 0.8082190 0.5846990 0.8150680 0.5846990 0.8184930 0.5792350 0.8219180 0.5792350 0.8219180 0.5737700 0.8253420 0.5683060 0.8253420 0.540984
0 0.8150680 0.3606560 0.8047950 0.3770490 0.8047950 0.3825140 0.8082190 0.3879780 0.8082190 0.3934430 0.8116440 0.3989070 0.8219180 0.3989070 0.8253420 0.4043720 0.8321920 0.4043720 0.8321920 0.3825140 0.8287670 0.3770490 0.8287670 0.3715850 0.8219180 0.371585
0 0.3801370 0.4098360 0.3664380 0.4316940 0.3664380 0.4371580 0.3595890 0.4480870 0.3664380 0.4590160 0.3732880 0.4590160 0.3767120 0.4535520 0.3801370 0.4535520 0.3904110 0.4371580 0.3938360 0.4371580 0.4075340 0.4153010 0.4075340 0.409836
0 0.7636990 0.5464480 0.7534250 0.5628420 0.7534250 0.5792350 0.7602740 0.5901640 0.7671230 0.5901640 0.7705480 0.5846990 0.7739730 0.5846990 0.7773970 0.5792350 0.7808220 0.5792350 0.7876710 0.5683060 0.7876710 0.5628420 0.7842470 0.5573770 0.7842470 0.5519130 0.7808220 0.5519130 0.7773970 0.546448
0 0.9315070 0.4371580 0.9280820 0.4426230 0.9280820 0.4754100 0.9315070 0.4808740 0.9349320 0.4754100 0.9486300 0.4754100 0.9589040 0.4590160 0.9589040 0.4426230 0.9554790 0.437158
0 0.8938360 0.4316940 0.8904110 0.4371580 0.8904110 0.4426230 0.8869860 0.4480870 0.8869860 0.4535520 0.8904110 0.4590160 0.8904110 0.4644810 0.8938360 0.4699450 0.8972600 0.4644810 0.9006850 0.4644810 0.9041100 0.4590160 0.9075340 0.4590160 0.9109590 0.4535520 0.9143840 0.4535520 0.9212330 0.4426230 0.9212330 0.4316940 0.9178080 0.4371580 0.9143840 0.431694
0 0.0445210 0.1147540 0.0410960 0.1202190 0.0376710 0.1202190 0.0342470 0.1256830 0.0308220 0.1256830 0.0136990 0.1530050 0.0068490 0.1530050 0.0034250 0.1584700 0.0000000 0.1584700 0.0000000 0.1639340 0.0136990 0.1857920 0.0171230 0.1857920 0.0205480 0.1912570 0.0239730 0.1857920 0.0273970 0.1857920 0.0445210 0.1584700 0.0479450 0.1584700 0.0513700 0.1530050 0.0513700 0.1475410 0.0547950 0.1420770 0.0547950 0.1256830 0.0479450 0.114754
0 0.5205480 0.4153010 0.5171230 0.4207650 0.5136990 0.4207650 0.5102740 0.4262300 0.5102740 0.4316940 0.5068490 0.4371580 0.5068490 0.4535520 0.5171230 0.4699450 0.5205480 0.4644810 0.5205480 0.4480870 0.5308220 0.4316940 0.5308220 0.4262300 0.5342470 0.4207650 0.5342470 0.415301
0 0.3972600 0.3497270 0.3904110 0.3606560 0.3904110 0.3715850 0.3938360 0.3770490 0.3938360 0.3879780 0.3972600 0.3934430 0.4006850 0.3934430 0.4041100 0.3879780 0.4075340 0.3879780 0.4143840 0.3770490 0.4143840 0.3661200 0.4041100 0.349727
0 0.4794520 0.3497270 0.4760270 0.3551910 0.4691780 0.3551910 0.4657530 0.3606560 0.4623290 0.3606560 0.4623290 0.3825140 0.4657530 0.3879780 0.4691780 0.3879780 0.4726030 0.3934430 0.4760270 0.3879780 0.4828770 0.3879780 0.4863010 0.3825140 0.4897260 0.3825140 0.4965750 0.3934430 0.4965750 0.3551910 0.4828770 0.355191
0 0.1917810 0.4262300 0.1917810 0.4316940 0.1883560 0.4371580 0.1917810 0.4426230 0.1917810 0.4535520 0.2054790 0.4754100 0.2089040 0.4754100 0.2123290 0.4808740 0.2157530 0.4808740 0.2191780 0.4754100 0.2226030 0.4754100 0.2260270 0.4699450 0.2294520 0.4699450 0.2328770 0.4644810 0.2363010 0.4644810 0.2431510 0.4535520 0.2431510 0.4480870 0.2397260 0.4426230 0.2397260 0.4371580 0.2363010 0.4371580 0.2328770 0.4316940 0.1952050 0.431694
0 0.1335620 0.7978140 0.1335620 0.8032790 0.1301370 0.8087430 0.1335620 0.8087430 0.1369860 0.8142080 0.1404110 0.8142080 0.1438360 0.8196720 0.1609590 0.8196720 0.1643840 0.8142080 0.1678080 0.8142080 0.1712330 0.8087430 0.1746580 0.8142080 0.1780820 0.8142080 0.1815070 0.8087430 0.1883560 0.8087430 0.1883560 0.7978140 0.1849320 0.7978140 0.1815070 0.8032790 0.1712330 0.8032790 0.1678080 0.7978140 0.1472600 0.7978140 0.1438360 0.8032790 0.1404110 0.8032790 0.1369860 0.797814
0 0.5958900 0.4262300 0.5890410 0.4371580 0.5890410 0.4426230 0.5856160 0.4480870 0.5856160 0.4590160 0.5890410 0.4590160 0.5924660 0.4535520 0.5958900 0.4535520 0.5993150 0.4480870 0.6027400 0.4480870 0.6095890 0.4371580 0.6130140 0.4371580 0.6198630 0.4262300 0.6164380 0.4262300 0.6130140 0.4316940 0.6095890 0.426230
0 0.7739730 0.3661200 0.7671230 0.3770490 0.7773970 0.3934430 0.7876710 0.3934430 0.7910960 0.3989070 0.7945210 0.3989070 0.7945210 0.3934430 0.8013700 0.3825140 0.7945210 0.3715850 0.7876710 0.3715850 0.7842470 0.3661200 0.7808220 0.3661200 0.7773970 0.371585
0 0.7328770 0.4207650 0.7294520 0.4262300 0.7226030 0.4262300 0.7157530 0.4371580 0.7157530 0.4535520 0.7260270 0.4699450 0.7397260 0.4699450 0.7397260 0.4644810 0.7431510 0.4590160 0.7431510 0.4480870 0.7397260 0.4426230 0.7397260 0.4262300 0.7363010 0.420765
0 0.8630140 0.0109290 0.8595890 0.0163930 0.8458900 0.0163930 0.8424660 0.0218580 0.8356160 0.0218580 0.8321920 0.0273220 0.8253420 0.0273220 0.8219180 0.0327870 0.8184930 0.0327870 0.8116440 0.0437160 0.8082190 0.0437160 0.8219180 0.0437160 0.8253420 0.0491800 0.8287670 0.0437160 0.8321920 0.0437160 0.8356160 0.0382510 0.8390410 0.0382510 0.8424660 0.0327870 0.8493150 0.0327870 0.8527400 0.0273220 0.8561640 0.0273220 0.8595890 0.0218580 0.8630140 0.0218580 0.8698630 0.010929
0 0.6678080 0.7486340 0.6643840 0.7540980 0.6643840 0.7595630 0.6678080 0.7650270 0.6678080 0.7704920 0.6746580 0.7814210 0.6780820 0.7814210 0.6815070 0.7868850 0.6917810 0.7868850 0.6952050 0.7923500 0.7054790 0.7923500 0.7157530 0.7759560 0.7191780 0.7759560 0.7191780 0.7704920 0.7226030 0.7650270 0.7226030 0.7540980 0.7191780 0.7486340 0.7054790 0.7486340 0.7020550 0.7540980 0.6952050 0.7540980 0.6917810 0.7595630 0.6883560 0.7595630 0.6849320 0.7540980 0.6815070 0.7540980 0.6780820 0.748634
0 0.0342470 0.4480870 0.0308220 0.4535520 0.0273970 0.4535520 0.0171230 0.4699450 0.0171230 0.4754100 0.0205480 0.4808740 0.0273970 0.4808740 0.0308220 0.4754100 0.0410960 0.4754100 0.0445210 0.4699450 0.0513700 0.4699450 0.0513700 0.4590160 0.0445210 0.448087
0 0.7226030 0.3497270 0.7191780 0.3551910 0.7191780 0.3606560 0.7157530 0.3661200 0.7157530 0.3715850 0.7191780 0.3770490 0.7191780 0.3825140 0.7260270 0.3934430 0.7260270 0.3989070 0.7397260 0.3989070 0.7363010 0.3989070 0.7328770 0.3934430 0.7363010 0.3879780 0.7397260 0.3879780 0.7431510 0.3825140 0.7431510 0.3770490 0.7465750 0.3715850 0.7465750 0.3606560 0.7431510 0.3551910 0.7363010 0.3551910 0.7328770 0.349727
0 0.0273970 0.4098360 0.0273970 0.4153010 0.0239730 0.4207650 0.0205480 0.4207650 0.0205480 0.4371580 0.0239730 0.4371580 0.0273970 0.4426230 0.0445210 0.4426230 0.0445210 0.4371580 0.0479450 0.4316940 0.0513700 0.4316940 0.0513700 0.4262300 0.0547950 0.4207650 0.0582190 0.4207650 0.0582190 0.4153010 0.0547950 0.4153010 0.0513700 0.409836
0 0.2945210 0.4098360 0.2910960 0.4153010 0.2876710 0.4153010 0.2705480 0.4426230 0.2705480 0.4480870 0.3013700 0.4480870 0.3047950 0.4426230 0.3082190 0.4480870 0.3116440 0.4426230 0.3150680 0.4426230 0.3184930 0.4371580 0.3253420 0.4371580 0.3253420 0.4262300 0.3184930 0.4153010 0.3150680 0.4153010 0.3116440 0.409836
0 0.0410960 0.1092900 0.0445210 0.1147540 0.0479450 0.1147540 0.0513700 0.1202190 0.0547950 0.1202190 0.0582190 0.1147540 0.0582190 0.109290
0 0.2842470 0.3060110 0.2842470 0.3169400 0.2945210 0.3333330 0.2979450 0.3333330 0.3013700 0.3387980 0.3013700 0.3442620 0.3219180 0.3442620 0.3253420 0.3387980 0.3287670 0.3387980 0.3390410 0.3224040 0.3356160 0.3224040 0.3321920 0.3169400 0.3219180 0.3169400 0.3184930 0.3114750 0.2876710 0.311475
0 0.4657530 0.5409840 0.4623290 0.5464480 0.4623290 0.5519130 0.4554790 0.5628420 0.4554790 0.5683060 0.4520550 0.5737700 0.4554790 0.5792350 0.4554790 0.5846990 0.4589040 0.5846990 0.4623290 0.5792350 0.4726030 0.5792350 0.4760270 0.5737700 0.4794520 0.5737700 0.4863010 0.5628420 0.4863010 0.5464480 0.4828770 0.5464480 0.4794520 0.540984
0 0.0000000 0.2896170 0.0000000 0.3114750 0.0034250 0.3169400 0.0136990 0.3169400 0.0171230 0.3114750 0.0171230 0.3060110 0.0136990 0.3005460 0.0102740 0.3005460 0.0034250 0.289617
0 0.0068490 0.5081970 0.0034250 0.5136610 0.0000000 0.5136610 0.0000000 0.5519130 0.0068490 0.5519130 0.0102740 0.5573770 0.0513700 0.5573770 0.0547950 0.5519130 0.0547950 0.5464480 0.0513700 0.5409840 0.0513700 0.5355190 0.0410960 0.5191260 0.0376710 0.5191260 0.0342470 0.5136610 0.0239730 0.5136610 0.0205480 0.508197
0 0.8664380 0.8087430 0.8630140 0.8142080 0.8630140 0.8251370 0.8698630 0.8360660 0.8732880 0.8360660 0.8767120 0.8415300 0.8801370 0.8415300 0.8835620 0.8360660 0.8869860 0.8360660 0.8835620 0.8306010 0.8835620 0.8251370 0.8767120 0.8142080 0.8698630 0.814208
0 0.8047950 0.4207650 0.8013700 0.4262300 0.8013700 0.4426230 0.7979450 0.4480870 0.7979450 0.4590160 0.8013700 0.4644810 0.8013700 0.4699450 0.8047950 0.4699450 0.8082190 0.4754100 0.8116440 0.4699450 0.8184930 0.4808740 0.8287670 0.4808740 0.8287670 0.4754100 0.8321920 0.4699450 0.8321920 0.4426230 0.8253420 0.4316940 0.8253420 0.4262300 0.8082190 0.426230
0 0.0000000 0.4808740 0.0000000 0.5027320 0.0068490 0.5027320 0.0102740 0.5081970 0.0342470 0.5081970 0.0376710 0.5136610 0.0479450 0.5136610 0.0513700 0.5191260 0.0547950 0.5136610 0.0547950 0.4972680 0.0513700 0.4918030 0.0513700 0.4808740 0.0410960 0.4808740 0.0376710 0.4863390 0.0136990 0.4863390 0.0102740 0.480874
0 0.4315070 0.4098360 0.4280820 0.4153010 0.4246580 0.4153010 0.4212330 0.4207650 0.4212330 0.4316940 0.4178080 0.4371580 0.4178080 0.4535520 0.4212330 0.4590160 0.4212330 0.4644810 0.4349320 0.4644810 0.4383560 0.4590160 0.4486300 0.4590160 0.4554790 0.4480870 0.4554790 0.4371580 0.4383560 0.409836
0 0.4691780 0.6065570 0.4623290 0.6174860 0.4623290 0.6229510 0.4589040 0.6284150 0.4589040 0.6338800 0.4623290 0.6393440 0.4691780 0.6393440 0.4726030 0.6448090 0.4863010 0.6448090 0.4897260 0.6502730 0.4931510 0.6448090 0.4965750 0.6448090 0.5000000 0.6393440 0.5034250 0.6393440 0.5068490 0.6338800 0.5102740 0.6338800 0.5171230 0.6229510 0.5171230 0.6120220 0.4931510 0.6120220 0.4897260 0.606557
0 0.9760270 0.3715850 0.9726030 0.3770490 0.9726030 0.3934430 0.9760270 0.3989070 0.9760270 0.4207650 0.9931510 0.4207650 0.9965750 0.4153010 0.9965750 0.3770490 0.9897260 0.3770490 0.9863010 0.371585
0 0.8664380 0.7540980 0.8630140 0.7595630 0.8595890 0.7595630 0.8595890 0.7868850 0.8630140 0.7923500 0.8767120 0.7923500 0.8801370 0.7868850 0.8801370 0.7650270 0.8767120 0.7595630 0.8732880 0.7595630 0.8698630 0.754098
0 0.3698630 0.6010930 0.3698630 0.6120220 0.3664380 0.6174860 0.3767120 0.6338800 0.3835620 0.6338800 0.3869860 0.6393440 0.3904110 0.6338800 0.4006850 0.6338800 0.4041100 0.6284150 0.4041100 0.6229510 0.3972600 0.6120220 0.3938360 0.6120220 0.3869860 0.601093
0 0.0890410 0.1912570 0.0856160 0.1967210 0.0582190 0.1967210 0.0513700 0.2076500 0.0513700 0.2185790 0.0547950 0.2240440 0.0753420 0.2240440 0.0787670 0.2185790 0.0821920 0.2185790 0.0856160 0.2131150 0.0924660 0.2131150 0.0958900 0.2076500 0.0993150 0.2131150 0.1061640 0.2131150 0.1095890 0.2076500 0.1095890 0.2021860 0.1061640 0.2021860 0.0993150 0.191257
0 0.7363010 0.6065570 0.7328770 0.6120220 0.7294520 0.6120220 0.7226030 0.6229510 0.7191780 0.6229510 0.7123290 0.6338800 0.7123290 0.6393440 0.7089040 0.6448090 0.7191780 0.6448090 0.7226030 0.6393440 0.7294520 0.6393440 0.7363010 0.6284150 0.7397260 0.6284150 0.7397260 0.6229510 0.7431510 0.617486
0 0.6335620 0.3442620 0.6335620 0.3661200 0.6369860 0.3715850 0.6369860 0.3770490 0.6472600 0.3934430 0.6609590 0.3934430 0.6643840 0.3879780 0.6438360 0.3551910 0.6438360 0.3497270 0.6404110 0.344262
0 0.9349320 0.3661200 0.9315070 0.3715850 0.9246580 0.3715850 0.9212330 0.3770490 0.9212330 0.3825140 0.9246580 0.3879780 0.9246580 0.4043720 0.9280820 0.4098360 0.9280820 0.4153010 0.9315070 0.4153010 0.9349320 0.4207650 0.9383560 0.4153010 0.9417810 0.4207650 0.9452050 0.4153010 0.9520550 0.4153010 0.9554790 0.4098360 0.9589040 0.4098360 0.9623290 0.4043720 0.9623290 0.3770490 0.9554790 0.366120
0 0.8458900 0.8032790 0.8424660 0.8087430 0.8390410 0.8087430 0.8390410 0.8251370 0.8493150 0.8415300 0.8561640 0.8415300 0.8595890 0.8360660 0.8595890 0.8196720 0.8527400 0.8087430 0.8493150 0.808743
0 0.6232880 0.5409840 0.6198630 0.5464480 0.6164380 0.5464480 0.6130140 0.5519130 0.6130140 0.5737700 0.6198630 0.5846990 0.6232880 0.5846990 0.6267120 0.5901640 0.6335620 0.5901640 0.6369860 0.5846990 0.6438360 0.5846990 0.6506850 0.5737700 0.6506850 0.5573770 0.6404110 0.540984
0 0.2910960 0.3442620 0.2876710 0.3497270 0.2876710 0.3606560 0.2945210 0.3715850 0.3013700 0.3715850 0.3013700 0.3661200 0.3047950 0.3606560 0.3082190 0.3661200 0.3116440 0.3606560 0.3082190 0.3551910 0.3047950 0.3606560 0.3013700 0.3551910 0.3013700 0.3497270 0.2945210 0.349727
0 0.8253420 0.7540980 0.8219180 0.7595630 0.8219180 0.7759560 0.8253420 0.7759560 0.8356160 0.7923500 0.8390410 0.7923500 0.8424660 0.7978140 0.8458900 0.7978140 0.8527400 0.7868850 0.8527400 0.7814210 0.8493150 0.7759560 0.8493150 0.7595630 0.8458900 0.754098
0 0.9041100 0.7540980 0.9006850 0.7595630 0.8938360 0.7595630 0.8869860 0.7704920 0.8869860 0.7868850 0.8904110 0.7923500 0.9109590 0.7923500 0.9212330 0.7759560 0.9212330 0.7704920 0.9178080 0.7650270 0.9178080 0.7595630 0.9143840 0.7595630 0.9109590 0.754098
0 0.5102740 0.3442620 0.5000000 0.3606560 0.5000000 0.3661200 0.4965750 0.3715850 0.4965750 0.3879780 0.5000000 0.3934430 0.5000000 0.3989070 0.5068490 0.4098360 0.5171230 0.4098360 0.5205480 0.4043720 0.5239730 0.4043720 0.5273970 0.3989070 0.5308220 0.3989070 0.5342470 0.3934430 0.5376710 0.3934430 0.5376710 0.3879780 0.5342470 0.3825140 0.5342470 0.3770490 0.5273970 0.3661200 0.5273970 0.3606560 0.5171230 0.344262
0 0.0890410 0.3114750 0.0856160 0.3169400 0.0582190 0.3169400 0.0616440 0.3169400 0.0684930 0.3278690 0.0856160 0.3278690 0.0890410 0.322404
0 0.8938360 0.1693990 0.8904110 0.1748630 0.8869860 0.1748630 0.8835620 0.1803280 0.8801370 0.1803280 0.8801370 0.1912570 0.8767120 0.1967210 0.8801370 0.2021860 0.8801370 0.2076500 0.9006850 0.2076500 0.9041100 0.2021860 0.9075340 0.2021860 0.9109590 0.1967210 0.9143840 0.1967210 0.9212330 0.1857920 0.9246580 0.1857920 0.9246580 0.1748630 0.9212330 0.169399
0 0.7979450 0.7486340 0.7945210 0.7540980 0.7945210 0.7759560 0.8013700 0.7868850 0.8047950 0.7868850 0.8082190 0.7923500 0.8150680 0.7923500 0.8184930 0.7868850 0.8219180 0.7868850 0.8219180 0.7814210 0.8047950 0.7540980 0.8013700 0.754098
0 0.5547950 0.6065570 0.5513700 0.6120220 0.5445210 0.6120220 0.5410960 0.6174860 0.5410960 0.6229510 0.5445210 0.6284150 0.5479450 0.6284150 0.5513700 0.6338800 0.5513700 0.6393440 0.5547950 0.6393440 0.5616440 0.6502730 0.5719180 0.6502730 0.5719180 0.6338800 0.5684930 0.6284150 0.5684930 0.6229510 0.5650680 0.6174860 0.5650680 0.606557
0 0.0000000 0.3551910 0.0000000 0.3715850 0.0068490 0.3715850 0.0068490 0.3661200 0.0034250 0.3606560 0.0034250 0.355191
0 0.9041100 0.0000000 0.9006850 0.0054640 0.8972600 0.0054640 0.9041100 0.0163930 0.9075340 0.0163930 0.9109590 0.0218580 0.9178080 0.0218580 0.9280820 0.0382510 0.9315070 0.0382510 0.9349320 0.0437160 0.9383560 0.0437160 0.9486300 0.0273220 0.9486300 0.000000
0 0.1506850 0.9344260 0.1438360 0.9453550 0.1438360 0.9617490 0.1506850 0.9617490 0.1541100 0.9672130 0.1609590 0.9672130 0.1643840 0.9617490 0.1678080 0.9617490 0.1712330 0.9562840 0.1746580 0.9562840 0.1746580 0.9508200 0.1712330 0.9453550 0.1712330 0.9398910 0.1643840 0.9398910 0.1609590 0.934426
0 0.9212330 0.2677600 0.9212330 0.2786890 0.9246580 0.2841530 0.9246580 0.2896170 0.9280820 0.2896170 0.9315070 0.2950820 0.9315070 0.2732240 0.9280820 0.2732240 0.9246580 0.267760
0 0.8904110 0.6284150 0.8767120 0.6502730 0.8767120 0.6557380 0.9041100 0.6557380 0.9075340 0.6502730 0.9109590 0.6502730 0.9109590 0.6393440 0.9143840 0.6338800 0.9143840 0.628415
0 0.9383560 0.8032790 0.9349320 0.8087430 0.9315070 0.8087430 0.9280820 0.8142080 0.9246580 0.8142080 0.9178080 0.8251370 0.9143840 0.8251370 0.9109590 0.8306010 0.9109590 0.8415300 0.9143840 0.8415300 0.9178080 0.8469950 0.9383560 0.8469950 0.9417810 0.8415300 0.9486300 0.8415300 0.9520550 0.8360660 0.9554790 0.8360660 0.9589040 0.8306010 0.9589040 0.8196720 0.9554790 0.8142080 0.9554790 0.8087430 0.9520550 0.8032790 0.9486300 0.8087430 0.9452050 0.803279
0 0.9931510 0.2841530 0.9863010 0.2950820 0.9863010 0.3005460 0.9965750 0.3005460 0.9965750 0.289617
0 0.6712330 0.4262300 0.6712330 0.4535520 0.6746580 0.4590160 0.6746580 0.4644810 0.6780820 0.4699450 0.6815070 0.4699450 0.6849320 0.4754100 0.6917810 0.4754100 0.6952050 0.4699450 0.6952050 0.4644810 0.6986300 0.4590160 0.6986300 0.4480870 0.6917810 0.4480870 0.6883560 0.4426230 0.6849320 0.4426230 0.6780820 0.4316940 0.6780820 0.426230
0 0.9452050 0.2732240 0.9383560 0.2841530 0.9383560 0.2950820 0.9452050 0.3060110 0.9554790 0.3060110 0.9589040 0.3005460 0.9589040 0.2841530 0.9520550 0.273224
0 0.9726030 0.2841530 0.9726030 0.2896170 0.9691780 0.2950820 0.9691780 0.3005460 0.9794520 0.3005460 0.9828770 0.2950820 0.9828770 0.2896170 0.9794520 0.284153
0 0.8219180 0.8743170 0.8150680 0.8852460 0.8116440 0.8852460 0.8082190 0.8907100 0.8082190 0.8961750 0.8047950 0.9016390 0.8047950 0.9125680 0.8013700 0.9180330 0.8150680 0.9180330 0.8184930 0.9125680 0.8219180 0.9125680 0.8253420 0.9071040 0.8287670 0.9071040 0.8321920 0.9016390 0.8321920 0.8961750 0.8356160 0.8907100 0.8356160 0.874317
0 0.7808220 0.8743170 0.7808220 0.8797810 0.7773970 0.8852460 0.7773970 0.9125680 0.7808220 0.9180330 0.7808220 0.9234970 0.7876710 0.9234970 0.7979450 0.9071040 0.7979450 0.8797810 0.7945210 0.874317
0 0.7465750 0.6010930 0.7465750 0.6284150 0.7500000 0.6338800 0.7500000 0.6393440 0.7671230 0.6666670 0.7739730 0.6666670 0.7773970 0.6612020 0.7773970 0.6502730 0.7739730 0.6448090 0.7739730 0.6393440 0.7671230 0.6284150 0.7671230 0.6229510 0.7636990 0.6229510 0.7534250 0.6065570 0.7500000 0.606557
0 0.6198630 0.6174860 0.6198630 0.6284150 0.6267120 0.6393440 0.6404110 0.6393440 0.6506850 0.6557380 0.6541100 0.6557380 0.6541100 0.6502730 0.6506850 0.6502730 0.6404110 0.6338800 0.6404110 0.6284150 0.6369860 0.6229510 0.6335620 0.6229510 0.6301370 0.617486
0 0.9041100 0.2732240 0.9006850 0.2786890 0.8938360 0.2786890 0.8904110 0.2841530 0.8904110 0.2950820 0.9006850 0.2950820 0.9075340 0.2841530 0.9109590 0.2841530 0.9109590 0.273224
0 0.9931510 0.2240440 0.9897260 0.2295080 0.9863010 0.2295080 0.9794520 0.2404370 0.9794520 0.2459020 0.9828770 0.2513660 0.9828770 0.2568310 0.9863010 0.2622950 0.9965750 0.2622950 0.9965750 0.224044
0 0.8767120 0.2786890 0.8698630 0.2896170 0.8664380 0.2896170 0.8630140 0.2950820 0.8664380 0.2950820 0.8732880 0.2841530 0.8767120 0.284153
0 0.7328770 0.7377050 0.7294520 0.7431690 0.7260270 0.7431690 0.7260270 0.7540980 0.7226030 0.7595630 0.7226030 0.7704920 0.7260270 0.7759560 0.7363010 0.7759560 0.7397260 0.7704920 0.7397260 0.7540980 0.7431510 0.7486340 0.7397260 0.748634
0 0.8801370 0.9562840 0.8767120 0.9617490 0.8801370 0.9672130 0.8835620 0.9672130 0.8869860 0.9726780 0.9006850 0.9726780 0.9041100 0.9672130 0.9041100 0.956284
0 0.1335620 0.8688520 0.1301370 0.8743170 0.1164380 0.8743170 0.1130140 0.8797810 0.1061640 0.8797810 0.1027400 0.8852460 0.1027400 0.9016390 0.1095890 0.9016390 0.1130140 0.9071040 0.1404110 0.9071040 0.1472600 0.8961750 0.1472600 0.8743170 0.1404110 0.8743170 0.1369860 0.868852
0 0.9246580 0.6284150 0.9178080 0.6393440 0.9178080 0.6721310 0.9212330 0.6666670 0.9246580 0.6666670 0.9349320 0.6502730 0.9383560 0.6502730 0.9452050 0.6393440 0.9486300 0.6393440 0.9486300 0.6338800 0.9452050 0.6338800 0.9417810 0.628415
0 0.6815070 0.6174860 0.6780820 0.6229510 0.6678080 0.6229510 0.6609590 0.6338800 0.6609590 0.6502730 0.6780820 0.6502730 0.6849320 0.6393440 0.6883560 0.6393440 0.6917810 0.6338800 0.6917810 0.6174860 0.6883560 0.6229510 0.6849320 0.617486
0 0.9383560 0.2732240 0.9349320 0.2786890 0.9349320 0.2896170 0.9417810 0.3005460 0.9486300 0.3005460 0.9520550 0.2950820 0.9520550 0.2786890 0.9486300 0.273224
0 0.8938360 0.8142080 0.8869860 0.8251370 0.8869860 0.8360660 0.8904110 0.8415300 0.8938360 0.8360660 0.8972600 0.8360660 0.9041100 0.8251370 0.9075340 0.8251370 0.9109590 0.8196720 0.9109590 0.814208
0 0.9315070 0.8797810 0.9280820 0.8852460 0.9246580 0.8852460 0.9212330 0.8907100 0.9212330 0.9125680 0.9315070 0.9289620 0.9383560 0.9289620 0.9452050 0.9180330 0.9486300 0.9180330 0.9486300 0.8852460 0.9452050 0.879781
0 0.9349320 0.2732240 0.9315070 0.2786890 0.9315070 0.2841530 0.9349320 0.2896170 0.9349320 0.2950820 0.9383560 0.2950820 0.9417810 0.3005460 0.9452050 0.3005460 0.9452050 0.273224
0 0.8904110 0.8961750 0.8904110 0.9016390 0.8869860 0.9071040 0.8869860 0.9180330 0.8904110 0.9234970 0.8869860 0.9289620 0.8835620 0.9289620 0.8835620 0.9398910 0.9006850 0.9398910 0.9041100 0.9344260 0.9075340 0.9344260 0.9109590 0.9289620 0.9109590 0.9016390 0.9075340 0.896175
0 0.2671230 0.3005460 0.2636990 0.3060110 0.2602740 0.3060110 0.2568490 0.3114750 0.2534250 0.3114750 0.2500000 0.3169400 0.2465750 0.3169400 0.2363010 0.3333330 0.2328770 0.3333330 0.2226030 0.3497270 0.2191780 0.3497270 0.2157530 0.3551910 0.2123290 0.3551910 0.2089040 0.3606560 0.2054790 0.3606560 0.1986300 0.3715850 0.1952050 0.3715850 0.1815070 0.3934430 0.1815070 0.4043720 0.1849320 0.4098360 0.1849320 0.4153010 0.1883560 0.4207650 0.1883560 0.4262300 0.1917810 0.4316940 0.1917810 0.4426230 0.1952050 0.4480870 0.1952050 0.4535520 0.2020550 0.4644810 0.2020550 0.4699450 0.2054790 0.4754100 0.2260270 0.4754100 0.2328770 0.4644810 0.2397260 0.4644810 0.2431510 0.4590160 0.2465750 0.4590160 0.2500000 0.4535520 0.2534250 0.4535520 0.2636990 0.4371580 0.2671230 0.4371580 0.2773970 0.4207650 0.2773970 0.4153010 0.2876710 0.3989070 0.2910960 0.3989070 0.2979450 0.3879780 0.2979450 0.3825140 0.3013700 0.3770490 0.3013700 0.3715850 0.2979450 0.3661200 0.2979450 0.3551910 0.2945210 0.3497270 0.2945210 0.3442620 0.2842470 0.3278690 0.2842470 0.3224040 0.2705480 0.300546
0 0.3253420 0.4808740 0.3219180 0.4863390 0.3184930 0.4863390 0.3116440 0.4972680 0.3082190 0.4972680 0.2945210 0.5191260 0.2876710 0.5191260 0.2842470 0.5245900 0.2808220 0.5245900 0.2636990 0.5519130 0.2636990 0.5737700 0.2671230 0.5792350 0.2671230 0.5846990 0.2842470 0.6120220 0.2876710 0.6120220 0.2910960 0.6174860 0.3184930 0.6174860 0.3219180 0.6120220 0.3287670 0.6120220 0.3321920 0.6065570 0.3356160 0.6065570 0.3424660 0.5956280 0.3424660 0.5901640 0.3595890 0.5628420 0.3595890 0.5573770 0.3630140 0.5519130 0.3630140 0.5300550 0.3595890 0.5245900 0.3595890 0.5191260 0.3561640 0.5136610 0.3561640 0.5081970 0.3527400 0.5027320 0.3527400 0.4972680 0.3424660 0.480874
0 0.7294520 0.6120220 0.7226030 0.6229510 0.7191780 0.6229510 0.7123290 0.6338800 0.7123290 0.6393440 0.7089040 0.6448090 0.7054790 0.6448090 0.7020550 0.6502730 0.6952050 0.6502730 0.6917810 0.6557380 0.6883560 0.6557380 0.6849320 0.6612020 0.6815070 0.6612020 0.6678080 0.6830600 0.6678080 0.7049180 0.6712330 0.7103830 0.6712330 0.7213110 0.6780820 0.7322400 0.6780820 0.7377050 0.6849320 0.7486340 0.6952050 0.7486340 0.6986300 0.7431690 0.7020550 0.7431690 0.7089040 0.7322400 0.7123290 0.7322400 0.7157530 0.7267760 0.7191780 0.7267760 0.7260270 0.7158470 0.7294520 0.7158470 0.7363010 0.7049180 0.7431510 0.7049180 0.7465750 0.6994540 0.7500000 0.6994540 0.7636990 0.6775960 0.7636990 0.6721310 0.7602740 0.6666670 0.7602740 0.6612020 0.7568490 0.6557380 0.7568490 0.6502730 0.7534250 0.6448090 0.7534250 0.6393440 0.7465750 0.6284150 0.7465750 0.6229510 0.7431510 0.6174860 0.7431510 0.612022
0 0.4657530 0.4644810 0.4623290 0.4699450 0.4554790 0.4699450 0.4520550 0.4754100 0.4486300 0.4754100 0.4452050 0.4808740 0.4417810 0.4808740 0.4383560 0.4863390 0.4349320 0.4863390 0.4280820 0.4972680 0.4246580 0.4972680 0.4178080 0.5081970 0.4143840 0.5081970 0.4075340 0.5191260 0.4041100 0.5191260 0.3972600 0.5300550 0.3938360 0.5300550 0.3938360 0.5355190 0.3904110 0.5409840 0.3904110 0.5573770 0.3938360 0.5628420 0.3938360 0.5683060 0.4006850 0.5792350 0.4006850 0.5846990 0.4041100 0.5901640 0.4041100 0.5956280 0.4109590 0.6065570 0.4109590 0.6120220 0.4178080 0.6229510 0.4178080 0.6284150 0.4212330 0.6338800 0.4212330 0.6393440 0.4315070 0.6557380 0.4315070 0.6666670 0.4349320 0.6721310 0.4349320 0.6775960 0.4452050 0.6939890 0.4486300 0.6939890 0.4520550 0.6994540 0.4554790 0.6939890 0.4589040 0.6939890 0.4623290 0.6885250 0.4657530 0.6885250 0.4726030 0.6775960 0.4760270 0.6775960 0.4863010 0.6612020 0.4897260 0.6612020 0.4965750 0.6502730 0.5000000 0.6502730 0.5068490 0.6393440 0.5102740 0.6393440 0.5171230 0.6284150 0.5205480 0.6284150 0.5273970 0.6174860 0.5273970 0.6065570 0.5239730 0.6010930 0.5239730 0.5956280 0.5205480 0.5901640 0.5205480 0.5792350 0.5171230 0.5737700 0.5171230 0.5683060 0.5136990 0.5628420 0.5136990 0.5300550 0.5102740 0.5245900 0.5102740 0.5136610 0.5034250 0.5027320 0.5034250 0.4972680 0.4897260 0.4754100 0.4863010 0.4754100 0.4828770 0.4699450 0.4760270 0.4699450 0.4726030 0.464481
0 0.4657530 0.8251370 0.4623290 0.8306010 0.4589040 0.8306010 0.4554790 0.8360660 0.4520550 0.8360660 0.4486300 0.8415300 0.4452050 0.8415300 0.4383560 0.8524590 0.4315070 0.8524590 0.4246580 0.8633880 0.4178080 0.8633880 0.4143840 0.8688520 0.4109590 0.8688520 0.4075340 0.8743170 0.4041100 0.8743170 0.3938360 0.8907100 0.3904110 0.8907100 0.3801370 0.9071040 0.3801370 0.9234970 0.3972600 0.9508200 0.3972600 0.9562840 0.4041100 0.9672130 0.4041100 0.9726780 0.4075340 0.9726780 0.4109590 0.9781420 0.4178080 0.9781420 0.4212330 0.9836070 0.4246580 0.9781420 0.4315070 0.9781420 0.4349320 0.9726780 0.4417810 0.9726780 0.4554790 0.9508200 0.4623290 0.9508200 0.4691780 0.9398910 0.4726030 0.9398910 0.4794520 0.9289620 0.4828770 0.9289620 0.4931510 0.9125680 0.4965750 0.9125680 0.5000000 0.9071040 0.5000000 0.9016390 0.5034250 0.8961750 0.5000000 0.8907100 0.5000000 0.8852460 0.4965750 0.8797810 0.4965750 0.8743170 0.4897260 0.8633880 0.4897260 0.8579230 0.4794520 0.8415300 0.4794520 0.8360660 0.4760270 0.8306010 0.4726030 0.8306010 0.4691780 0.825137
0 0.3253420 0.0874320 0.3150680 0.1038250 0.3116440 0.1038250 0.2979450 0.1256830 0.2945210 0.1256830 0.2910960 0.1311480 0.2876710 0.1311480 0.2842470 0.1366120 0.2808220 0.1366120 0.2773970 0.1420770 0.2739730 0.1420770 0.2671230 0.1530050 0.2636990 0.1530050 0.2602740 0.1584700 0.2568490 0.1584700 0.2465750 0.1748630 0.2465750 0.1912570 0.2500000 0.1967210 0.2500000 0.2021860 0.2534250 0.2076500 0.2534250 0.2131150 0.2568490 0.2185790 0.2568490 0.2240440 0.2705480 0.2459020 0.2739730 0.2459020 0.2773970 0.2513660 0.2808220 0.2513660 0.2842470 0.2459020 0.2876710 0.2459020 0.2910960 0.2404370 0.2945210 0.2404370 0.3013700 0.2295080 0.3047950 0.2295080 0.3082190 0.2240440 0.3150680 0.2240440 0.3184930 0.2185790 0.3253420 0.2185790 0.3287670 0.2131150 0.3321920 0.2131150 0.3356160 0.2076500 0.3390410 0.2076500 0.3424660 0.2021860 0.3458900 0.2021860 0.3458900 0.1967210 0.3493150 0.1912570 0.3493150 0.1857920 0.3595890 0.1693990 0.3630140 0.1693990 0.3630140 0.1639340 0.3664380 0.1584700 0.3664380 0.1475410 0.3630140 0.1420770 0.3630140 0.1366120 0.3595890 0.1311480 0.3595890 0.1256830 0.3527400 0.1147540 0.3527400 0.1092900 0.3390410 0.087432
0 0.5719180 0.7103830 0.5684930 0.7158470 0.5650680 0.7158470 0.5616440 0.7213110 0.5582190 0.7213110 0.5547950 0.7267760 0.5547950 0.7322400 0.5479450 0.7431690 0.5445210 0.7431690 0.5376710 0.7540980 0.5342470 0.7540980 0.5308220 0.7595630 0.5239730 0.7595630 0.5205480 0.7650270 0.5171230 0.7650270 0.5136990 0.7704920 0.5102740 0.7704920 0.5068490 0.7759560 0.5034250 0.7759560 0.5000000 0.7814210 0.4897260 0.7814210 0.4863010 0.7868850 0.4828770 0.7868850 0.4794520 0.7923500 0.4794520 0.8087430 0.4828770 0.8142080 0.4828770 0.8196720 0.5171230 0.8743170 0.5205480 0.8743170 0.5239730 0.8797810 0.5273970 0.8743170 0.5342470 0.8743170 0.5479450 0.8524590 0.5547950 0.8524590 0.5582190 0.8469950 0.5616440 0.8469950 0.5684930 0.8360660 0.5719180 0.8360660 0.5753420 0.8306010 0.5787670 0.8306010 0.5856160 0.8196720 0.5890410 0.8196720 0.6027400 0.7978140 0.6027400 0.7923500 0.6061640 0.7868850 0.6061640 0.7759560 0.6027400 0.7704920 0.6027400 0.7650270 0.5958900 0.7540980 0.5958900 0.7486340 0.5890410 0.7377050 0.5890410 0.7322400 0.5856160 0.7267760 0.5856160 0.7213110 0.5821920 0.7158470 0.5787670 0.7158470 0.5753420 0.710383
0 0.3972600 0.6557380 0.3904110 0.6666670 0.3869860 0.6666670 0.3835620 0.6721310 0.3801370 0.6721310 0.3732880 0.6830600 0.3698630 0.6830600 0.3630140 0.6939890 0.3595890 0.6939890 0.3561640 0.6994540 0.3527400 0.6994540 0.3493150 0.7049180 0.3458900 0.7049180 0.3390410 0.7158470 0.3356160 0.7158470 0.3253420 0.7322400 0.3253420 0.7650270 0.3287670 0.7704920 0.3287670 0.7868850 0.3321920 0.7923500 0.3321920 0.8032790 0.3356160 0.8032790 0.3390410 0.8087430 0.3390410 0.8142080 0.3595890 0.8142080 0.3630140 0.8087430 0.3732880 0.8087430 0.3767120 0.8032790 0.3835620 0.8032790 0.3869860 0.7978140 0.3904110 0.7978140 0.3938360 0.7923500 0.3972600 0.7923500 0.4109590 0.7704920 0.4143840 0.7704920 0.4246580 0.7540980 0.4280820 0.7540980 0.4280820 0.7486340 0.4315070 0.7431690 0.4315070 0.7377050 0.4349320 0.7322400 0.4349320 0.7103830 0.4246580 0.6939890 0.4246580 0.6885250 0.4212330 0.6830600 0.4212330 0.6775960 0.4178080 0.6721310 0.4178080 0.6666670 0.4109590 0.655738
0 0.2157530 0.2021860 0.2123290 0.2076500 0.2054790 0.2076500 0.2020550 0.2131150 0.1952050 0.2131150 0.1883560 0.2240440 0.1849320 0.2240440 0.1815070 0.2295080 0.1780820 0.2295080 0.1746580 0.2349730 0.1746580 0.2404370 0.1643840 0.2568310 0.1609590 0.2568310 0.1472600 0.2786890 0.1472600 0.3005460 0.1506850 0.3060110 0.1506850 0.3114750 0.1541100 0.3169400 0.1541100 0.3224040 0.1712330 0.3497270 0.1917810 0.3497270 0.1952050 0.3442620 0.1986300 0.3442620 0.2054790 0.3333330 0.2089040 0.3333330 0.2157530 0.3224040 0.2191780 0.3224040 0.2226030 0.3169400 0.2260270 0.3169400 0.2363010 0.3005460 0.2397260 0.3005460 0.2465750 0.2896170 0.2500000 0.2896170 0.2500000 0.2841530 0.2534250 0.2786890 0.2534250 0.2568310 0.2500000 0.2513660 0.2500000 0.2459020 0.2431510 0.2349730 0.2397260 0.2349730 0.2260270 0.2131150 0.2260270 0.2076500 0.2226030 0.202186
0 0.3698630 0.1967210 0.3664380 0.2021860 0.3630140 0.2021860 0.3527400 0.2185790 0.3493150 0.2185790 0.3458900 0.2240440 0.3424660 0.2240440 0.3356160 0.2349730 0.3321920 0.2349730 0.3287670 0.2404370 0.3253420 0.2404370 0.3219180 0.2459020 0.3150680 0.2459020 0.3116440 0.2513660 0.3082190 0.2513660 0.3013700 0.2622950 0.2979450 0.2622950 0.2910960 0.2732240 0.2876710 0.2732240 0.2808220 0.2841530 0.2808220 0.2896170 0.2842470 0.2950820 0.2842470 0.3005460 0.2876710 0.3060110 0.2876710 0.3114750 0.2979450 0.3278690 0.2979450 0.3333330 0.3082190 0.3497270 0.3150680 0.3497270 0.3184930 0.3442620 0.3253420 0.3442620 0.3321920 0.3333330 0.3356160 0.3333330 0.3458900 0.3169400 0.3493150 0.3169400 0.3561640 0.3060110 0.3595890 0.3060110 0.3630140 0.3005460 0.3664380 0.3005460 0.3698630 0.2950820 0.3732880 0.2950820 0.3767120 0.2896170 0.3801370 0.2896170 0.3904110 0.2732240 0.3938360 0.2732240 0.4006850 0.2622950 0.4006850 0.2568310 0.3972600 0.2513660 0.3972600 0.2459020 0.3904110 0.2349730 0.3904110 0.2295080 0.3835620 0.2185790 0.3835620 0.2131150 0.3732880 0.196721
0 0.5102740 0.0491800 0.5068490 0.0546450 0.5034250 0.0546450 0.5000000 0.0601090 0.4965750 0.0601090 0.4897260 0.0710380 0.4863010 0.0710380 0.4794520 0.0819670 0.4760270 0.0819670 0.4691780 0.0928960 0.4657530 0.0928960 0.4589040 0.1038250 0.4554790 0.1038250 0.4452050 0.1202190 0.4452050 0.1311480 0.4486300 0.1366120 0.4486300 0.1475410 0.4520550 0.1530050 0.4520550 0.1584700 0.4554790 0.1639340 0.4554790 0.1693990 0.4726030 0.1967210 0.4726030 0.2076500 0.4794520 0.2185790 0.4794520 0.2240440 0.4897260 0.2404370 0.4897260 0.2459020 0.4931510 0.2459020 0.4965750 0.2513660 0.5000000 0.2513660 0.5068490 0.2404370 0.5102740 0.2404370 0.5171230 0.2295080 0.5205480 0.2295080 0.5308220 0.2131150 0.5342470 0.2131150 0.5410960 0.2021860 0.5445210 0.2021860 0.5513700 0.1912570 0.5547950 0.1912570 0.5650680 0.1748630 0.5616440 0.1693990 0.5616440 0.1639340 0.5582190 0.1584700 0.5582190 0.1530050 0.5547950 0.1475410 0.5547950 0.1420770 0.5513700 0.1366120 0.5513700 0.1311480 0.5479450 0.1256830 0.5445210 0.1256830 0.5376710 0.1147540 0.5376710 0.1092900 0.5342470 0.1038250 0.5342470 0.0983610 0.5308220 0.0928960 0.5308220 0.0874320 0.5273970 0.0819670 0.5273970 0.0765030 0.5205480 0.0655740 0.5205480 0.0601090 0.5171230 0.0546450 0.5136990 0.054645
0 0.4041100 0.2786890 0.4006850 0.2841530 0.3972600 0.2841530 0.3904110 0.2950820 0.3869860 0.2950820 0.3835620 0.3005460 0.3801370 0.3005460 0.3732880 0.3114750 0.3698630 0.3114750 0.3664380 0.3169400 0.3630140 0.3169400 0.3595890 0.3224040 0.3561640 0.3224040 0.3527400 0.3278690 0.3493150 0.3278690 0.3424660 0.3387980 0.3390410 0.3387980 0.3356160 0.3442620 0.3321920 0.3442620 0.3287670 0.3497270 0.3253420 0.3497270 0.3219180 0.3551910 0.3184930 0.3551910 0.3150680 0.3606560 0.3150680 0.3825140 0.3184930 0.3879780 0.3184930 0.3934430 0.3424660 0.4316940 0.3424660 0.4371580 0.3458900 0.4426230 0.3493150 0.4426230 0.3527400 0.4480870 0.3595890 0.4480870 0.3630140 0.4535520 0.3732880 0.4535520 0.3767120 0.4480870 0.3801370 0.4480870 0.3869860 0.4371580 0.3904110 0.4371580 0.4006850 0.4207650 0.4041100 0.4207650 0.4109590 0.4098360 0.4143840 0.4098360 0.4178080 0.4043720 0.4212330 0.4043720 0.4246580 0.3989070 0.4246580 0.3934430 0.4280820 0.3879780 0.4280820 0.3825140 0.4315070 0.3770490 0.4315070 0.3715850 0.4417810 0.3551910 0.4417810 0.3224040 0.4383560 0.3169400 0.4383560 0.3060110 0.4246580 0.2841530 0.4212330 0.2841530 0.4178080 0.278689
0 0.5719180 0.1967210 0.5684930 0.2021860 0.5650680 0.2021860 0.5582190 0.2131150 0.5547950 0.2131150 0.5513700 0.2185790 0.5479450 0.2185790 0.5445210 0.2240440 0.5410960 0.2240440 0.5376710 0.2295080 0.5342470 0.2295080 0.5273970 0.2404370 0.5239730 0.2404370 0.5205480 0.2459020 0.5171230 0.2459020 0.5136990 0.2513660 0.5102740 0.2513660 0.5068490 0.2568310 0.5034250 0.2568310 0.4965750 0.2677600 0.4965750 0.2732240 0.5000000 0.2786890 0.5000000 0.2841530 0.5136990 0.3060110 0.5171230 0.3060110 0.5205480 0.3114750 0.5308220 0.3114750 0.5342470 0.3060110 0.5445210 0.3060110 0.5479450 0.3005460 0.5513700 0.3005460 0.5582190 0.2896170 0.5616440 0.2896170 0.5684930 0.2786890 0.5719180 0.2786890 0.5787670 0.2677600 0.5821920 0.2677600 0.5924660 0.2513660 0.5924660 0.2349730 0.5890410 0.2295080 0.5890410 0.2240440 0.5856160 0.2185790 0.5856160 0.2131150 0.5821920 0.2076500 0.5821920 0.2021860 0.5787670 0.196721
0 0.1952050 0.1092900 0.1917810 0.1147540 0.1883560 0.1147540 0.1849320 0.1202190 0.1815070 0.1202190 0.1780820 0.1256830 0.1712330 0.1256830 0.1678080 0.1311480 0.1575340 0.1311480 0.1541100 0.1366120 0.1506850 0.1366120 0.1438360 0.1475410 0.1438360 0.1530050 0.1267120 0.1803280 0.1232880 0.1803280 0.1164380 0.1912570 0.1164380 0.2131150 0.1198630 0.2185790 0.1198630 0.2240440 0.1232880 0.2295080 0.1232880 0.2349730 0.1404110 0.2622950 0.1438360 0.2622950 0.1472600 0.2568310 0.1506850 0.2568310 0.1541100 0.2513660 0.1575340 0.2513660 0.1643840 0.2404370 0.1678080 0.2404370 0.1849320 0.2131150 0.1883560 0.2131150 0.1917810 0.2076500 0.1952050 0.2076500 0.1986300 0.2021860 0.2020550 0.2021860 0.2054790 0.1967210 0.2089040 0.1967210 0.2123290 0.1912570 0.2157530 0.1912570 0.2191780 0.1857920 0.2226030 0.1857920 0.2226030 0.1693990 0.2157530 0.1584700 0.2157530 0.1530050 0.2089040 0.1420770 0.2089040 0.1366120 0.2054790 0.1311480 0.2054790 0.1256830 0.2020550 0.1202190 0.2020550 0.1147540 0.1986300 0.114754
0 0.6575340 0.1038250 0.6506850 0.1147540 0.6472600 0.1147540 0.6438360 0.1202190 0.6404110 0.1202190 0.6369860 0.1256830 0.6335620 0.1256830 0.6301370 0.1311480 0.6267120 0.1311480 0.6232880 0.1366120 0.6198630 0.1366120 0.6061640 0.1584700 0.6027400 0.1584700 0.5958900 0.1693990 0.5924660 0.1693990 0.5924660 0.1803280 0.5958900 0.1857920 0.5958900 0.1912570 0.6027400 0.2021860 0.6027400 0.2076500 0.6198630 0.2349730 0.6198630 0.2568310 0.6232880 0.2622950 0.6232880 0.2677600 0.6335620 0.2841530 0.6335620 0.2896170 0.6404110 0.3005460 0.6506850 0.3005460 0.6541100 0.2950820 0.6609590 0.2950820 0.6643840 0.2896170 0.6678080 0.2896170 0.6712330 0.2841530 0.6746580 0.2841530 0.6815070 0.2732240 0.6849320 0.2732240 0.6883560 0.2677600 0.6917810 0.2677600 0.7123290 0.2349730 0.7123290 0.2295080 0.7157530 0.2240440 0.7157530 0.1967210 0.6986300 0.1693990 0.6883560 0.1693990 0.6849320 0.1639340 0.6849320 0.1530050 0.6815070 0.1475410 0.6815070 0.1311480 0.6780820 0.1256830 0.6780820 0.1202190 0.6678080 0.103825
0 0.6301370 0.3387980 0.6267120 0.3442620 0.6232880 0.3442620 0.6095890 0.3661200 0.6061640 0.3661200 0.5993150 0.3770490 0.5958900 0.3770490 0.5924660 0.3825140 0.5890410 0.3825140 0.5856160 0.3879780 0.5821920 0.3879780 0.5787670 0.3934430 0.5753420 0.3934430 0.5719180 0.3989070 0.5684930 0.3989070 0.5582190 0.4153010 0.5582190 0.4207650 0.5616440 0.4262300 0.5616440 0.4371580 0.5684930 0.4480870 0.5684930 0.4535520 0.5787670 0.4699450 0.5821920 0.4699450 0.5993150 0.4972680 0.6027400 0.4972680 0.6061640 0.5027320 0.6095890 0.4972680 0.6335620 0.4972680 0.6369860 0.4918030 0.6404110 0.4918030 0.6472600 0.4808740 0.6506850 0.4808740 0.6541100 0.4754100 0.6575340 0.4754100 0.6643840 0.4644810 0.6643840 0.4535520 0.6609590 0.4480870 0.6609590 0.3934430 0.6575340 0.3879780 0.6575340 0.3825140 0.6472600 0.3661200 0.6472600 0.3606560 0.6438360 0.3551910 0.6438360 0.3497270 0.6369860 0.338798
0 0.7363010 0.3114750 0.7328770 0.3169400 0.7294520 0.3169400 0.7260270 0.3224040 0.7226030 0.3224040 0.7123290 0.3387980 0.7089040 0.3387980 0.7020550 0.3497270 0.6986300 0.3497270 0.6746580 0.3879780 0.6746580 0.3989070 0.6780820 0.4043720 0.6780820 0.4153010 0.6815070 0.4207650 0.6815070 0.4262300 0.6917810 0.4426230 0.6952050 0.4426230 0.6986300 0.4371580 0.7020550 0.4371580 0.7054790 0.4316940 0.7089040 0.4316940 0.7191780 0.4153010 0.7260270 0.4153010 0.7294520 0.4098360 0.7363010 0.4098360 0.7465750 0.3934430 0.7500000 0.3934430 0.7636990 0.3715850 0.7636990 0.3497270 0.7602740 0.3442620 0.7602740 0.3333330 0.7465750 0.311475
0 0.6952050 0.5355190 0.6952050 0.5409840 0.6849320 0.5573770 0.6815070 0.5573770 0.6712330 0.5737700 0.6643840 0.5737700 0.6609590 0.5792350 0.6506850 0.5792350 0.6472600 0.5846990 0.6438360 0.5846990 0.6369860 0.5956280 0.6335620 0.5956280 0.6301370 0.6010930 0.6301370 0.6120220 0.6335620 0.6174860 0.6335620 0.6229510 0.6438360 0.6393440 0.6438360 0.6448090 0.6472600 0.6502730 0.6506850 0.6502730 0.6541100 0.6557380 0.6712330 0.6557380 0.6746580 0.6502730 0.6780820 0.6502730 0.6815070 0.6448090 0.6849320 0.6448090 0.6883560 0.6393440 0.6917810 0.6393440 0.6952050 0.6338800 0.6986300 0.6338800 0.7020550 0.6284150 0.7054790 0.6284150 0.7089040 0.6229510 0.7123290 0.6229510 0.7260270 0.6010930 0.7260270 0.5792350 0.7191780 0.5683060 0.7191780 0.5628420 0.7157530 0.5573770 0.7157530 0.5519130 0.7054790 0.535519
0 0.8287670 0.5245900 0.8253420 0.5300550 0.8219180 0.5300550 0.8184930 0.5355190 0.8184930 0.5409840 0.8150680 0.5464480 0.8116440 0.5464480 0.7979450 0.5683060 0.7945210 0.5683060 0.7910960 0.5737700 0.7876710 0.5737700 0.7842470 0.5792350 0.7808220 0.5792350 0.7773970 0.5846990 0.7739730 0.5846990 0.7705480 0.5901640 0.7671230 0.5901640 0.7636990 0.5956280 0.7534250 0.5956280 0.7500000 0.6010930 0.7500000 0.6065570 0.7534250 0.6120220 0.7534250 0.6229510 0.7568490 0.6284150 0.7568490 0.6338800 0.7636990 0.6448090 0.7636990 0.6502730 0.7705480 0.6612020 0.7705480 0.6666670 0.7842470 0.6885250 0.7876710 0.6885250 0.7945210 0.6994540 0.8047950 0.6994540 0.8082190 0.6939890 0.8116440 0.6994540 0.8116440 0.7049180 0.8116440 0.6830600 0.8082190 0.6775960 0.8082190 0.6666670 0.8116440 0.6612020 0.8150680 0.6612020 0.8219180 0.6502730 0.8253420 0.6502730 0.8356160 0.6338800 0.8390410 0.6338800 0.8493150 0.6174860 0.8527400 0.6174860 0.8630140 0.6010930 0.8630140 0.5956280 0.8595890 0.5901640 0.8595890 0.5846990 0.8561640 0.5792350 0.8561640 0.5737700 0.8493150 0.5628420 0.8493150 0.5573770 0.8458900 0.5519130 0.8458900 0.5464480 0.8424660 0.5409840 0.8424660 0.5355190 0.8356160 0.524590
